
 etall    1, NO =    5, NV =    5, INA =   27
 *********************************************

     I   COEFFICIENT             ORDER   EXPONENTS
     1   0.5052471077331E-02    1     1 0  0 0  0
   5.0524710773309778E-003
     2   0.7278398827914        1     0 1  0 0  0
  0.72783988279138612     
     3  -0.1275655513947E-06    1     0 0  0 0  1
  -1.2756555139471770E-007
     4    320.3417050850        2     2 0  0 0  0
   320.34170508502575     
     5   -56524.91493686        2     1 1  0 0  0
  -56524.914936857298     
     6    2358099.588208        2     0 2  0 0  0
   2358099.5882083774     
     7    4.703827338703        2     0 0  2 0  0
   4.7038273387030358     
     8    2322.345857090        2     0 0  1 1  0
   2322.3458570904040     
     9   -1.133847702592        2     1 0  0 0  1
  -1.1338477025920355     
    10    89.22714982073        2     0 1  0 0  1
   89.227149820727959     
    11    207941.9277278        2     0 0  0 2  0
   207941.92772783339     
    12   0.4519432832656E-03    2     0 0  0 0  2
   4.5194328326555620E-004
    13   -24211560.67240        3     3 0  0 0  0
  -24211560.672401309     
    14    4981498906.846        3     2 1  0 0  0
   4981498906.8464813     
    15   -341585581485.4        3     1 2  0 0  0
  -341585581485.36719     
    16    7806264227406.        3     0 3  0 0  0
   7806264227405.8203     
    17    8891999.831803        3     1 0  2 0  0
   8891999.8318026494     
    18   -602463819.1482        3     0 1  2 0  0
  -602463819.14818335     
    19    9381156574.153        3     1 0  1 1  0
   9381156574.1525211     
    20   -635588961306.2        3     0 1  1 1  0
  -635588961306.16003     
    21   -29848.75565617        3     2 0  0 0  1
  -29848.755656166468     
    22    2833962.059102        3     1 1  0 0  1
   2833962.0591015965     
    23   -37177264.60578        3     0 2  0 0  1
  -37177264.605781555     
    24    1518.867864619        3     0 0  2 0  1
   1518.8678646185726     
    25    2467361692812.        3     1 0  0 2  0
   2467361692811.6353     
    26  -0.1671640044616E+15    3     0 1  0 2  0
  -167164004461567.50     
    27    441005.9056804        3     0 0  1 1  1
   441005.90568036586     
    28    79.30606559617        3     1 0  0 0  2
   79.306065596170669     
    29   -3584.949599221        3     0 1  0 0  2
  -3584.9495992207558     
    30   -72341093.68593        3     0 0  0 2  1
  -72341093.685928345     
    31   0.1734807432537E-02    3     0 0  0 0  3
   1.7348074325371846E-003
    32  -0.1062781567972E+14    4     4 0  0 0  0
  -10627815679719.775     
    33   0.2877250798495E+16    4     3 1  0 0  0
   2877250798495144.5     
    34  -0.2921074794125E+18    4     2 2  0 0  0
  -2.9210747941253990E+017
    35   0.1318029412492E+20    4     1 3  0 0  0
   1.3180294124915173E+019
    36  -0.2230174157632E+21    4     0 4  0 0  0
  -2.2301741576321506E+020
    37   -259795220705.1        4     2 0  2 0  0
  -259795220705.08356     
    38   0.3502041239117E+14    4     1 1  2 0  0
   35020412391170.359     
    39  -0.1180172256011E+16    4     0 2  2 0  0
  -1180172256011048.8     
    40   -34967776681.32        4     0 0  4 0  0
  -34967776681.318726     
    41  -0.2789075015338E+15    4     2 0  1 1  0
  -278907501533826.44     
    42   0.3760350890025E+17    4     1 1  1 1  0
   37603508900250048.     
    43  -0.1267450934359E+19    4     0 2  1 1  0
  -1.2674509343593326E+018
    44  -0.7178500389496E+14    4     0 0  3 1  0
  -71785003894955.750     
    45    69303793627.71        4     3 0  0 0  1
   69303793627.711456     
    46  -0.1397213357759E+14    4     2 1  0 0  1
  -13972133577590.871     
    47   0.9387343210242E+15    4     1 2  0 0  1
   938734321024177.25     
    48  -0.2101816459382E+17    4     0 3  0 0  1
  -21018164593824272.     
    49    8437064935.691        4     1 0  2 0  1
   8437064935.6908436     
    50   -583298176150.7        4     0 1  2 0  1
  -583298176150.68665     
    51  -0.7476472795427E+17    4     2 0  0 2  0
  -74764727954267808.     
    52   0.1008178514487E+20    4     1 1  0 2  0
   1.0081785144872708E+019
    53  -0.3398703041275E+21    4     0 2  0 2  0
  -3.3987030412750199E+020
    54  -0.5526261434004E+17    4     0 0  2 2  0
  -55262614340044896.     
    55    7375247830437.        4     1 0  1 1  1
   7375247830437.4365     
    56  -0.5120101134749E+15    4     0 1  1 1  1
  -512010113474948.00     
    57   -28650484.89893        4     2 0  0 0  2
  -28650484.898931742     
    58    3948259299.030        4     1 1  0 0  2
   3948259299.0298862     
    59   -134689620631.9        4     0 2  0 0  2
  -134689620631.92081     
    60    655940.2554462        4     0 0  2 0  2
   655940.25544618815     
    61  -0.1890807877181E+20    4     0 0  1 3  0
  -1.8908078771809501E+019
    62   0.1546351093002E+16    4     1 0  0 2  1
   1546351093001773.0     
    63  -0.1080126488016E+18    4     0 1  0 2  1
  -1.0801264880157299E+017
    64    534455173.9549        4     0 0  1 1  2
   534455173.95486736     
    65   -268.1370322802        4     1 0  0 0  3
  -268.13703228016038     
    66   -65079.26820086        4     0 1  0 0  3
  -65079.268200856241     
    67  -0.2426026344336E+22    4     0 0  0 4  0
  -2.4260263443361148E+021
    68    148250846487.4        4     0 0  0 2  2
   148250846487.43695     
    69   0.2991967724152        4     0 0  0 0  4
  0.29919677241521880     
    70  -0.3576227685162E+18    5     5 0  0 0  0
  -3.5762276851616570E+017
    71   0.1209840110839E+21    5     4 1  0 0  0
   1.2098401108386600E+020
    72  -0.1637158696396E+23    5     3 2  0 0  0
  -1.6371586963959246E+022
    73   0.1107703620567E+25    5     2 3  0 0  0
   1.1077036205669320E+024
    74  -0.3747368195030E+26    5     1 4  0 0  0
  -3.7473681950295612E+025
    75   0.5070947802231E+27    5     0 5  0 0  0
   5.0709478022308455E+026
    76   0.1115006461001E+18    5     3 0  2 0  0
   1.1150064610008790E+017
    77  -0.2263324427050E+20    5     2 1  2 0  0
  -2.2633244270501691E+019
    78   0.1531422221354E+22    5     1 2  2 0  0
   1.5314222213536130E+021
    79  -0.3453995646178E+23    5     0 3  2 0  0
  -3.4539956461777652E+022
    80  -0.9924385773668E+15    5     1 0  4 0  0
  -992438577366758.12     
    81   0.6709950365576E+17    5     0 1  4 0  0
   67099503655755088.     
    82   0.1149494851463E+21    5     3 0  1 1  0
   1.1494948514631074E+020
    83  -0.2333317686007E+23    5     2 1  1 1  0
  -2.3333176860069258E+022
    84   0.1578772032161E+25    5     1 2  1 1  0
   1.5787720321608228E+024
    85  -0.3560768051253E+26    5     0 3  1 1  0
  -3.5607680512531304E+025
    86  -0.1973940674453E+19    5     1 0  3 1  0
  -1.9739406744532247E+018
    87   0.1334583607180E+21    5     0 1  3 1  0
   1.3345836071802641E+020
    88   0.1680300596376E+16    5     4 0  0 0  1
   1680300596375707.5     
    89  -0.3970193857356E+18    5     3 1  0 0  1
  -3.9701938573563507E+017
    90   0.3442992688593E+20    5     2 2  0 0  1
   3.4429926885931082E+019
    91  -0.1288360503228E+22    5     1 3  0 0  1
  -1.2883605032279713E+021
    92   0.1731299481686E+23    5     0 4  0 0  1
   1.7312994816855353E+022
    93  -0.6874180324815E+14    5     2 0  2 0  1
  -68741803248154.297     
    94   0.9968519452666E+16    5     1 1  2 0  1
   9968519452665580.0     
    95  -0.3595954324028E+18    5     0 2  2 0  1
  -3.5959543240284429E+017
    96  -0.2190485269187E+14    5     0 0  4 0  1
  -21904852691873.094     
    97   0.2963020201307E+23    5     3 0  0 2  0
   2.9630202013070746E+022
    98  -0.6014491128198E+25    5     2 1  0 2  0
  -6.0144911281979072E+024
    99   0.4069507706569E+27    5     1 2  0 2  0
   4.0695077065685799E+026
   100  -0.9178327971863E+28    5     0 3  0 2  0
  -9.1783279718627422E+027
   101  -0.1470812132698E+22    5     1 0  2 2  0
  -1.4708121326984398E+021
   102   0.9944081109509E+23    5     0 1  2 2  0
   9.9440811095086523E+022
   103  -0.3818741807179E+17    5     2 0  1 1  1
  -38187418071791624.     
   104   0.5904310897965E+19    5     1 1  1 1  1
   5.9043108979652096E+018
   105  -0.2244807488694E+21    5     0 2  1 1  1
  -2.2448074886940112E+020
   106  -0.3481422403555E+17    5     0 0  3 1  1
  -34814224035553620.     
   107   -4265386052184.        5     3 0  0 0  2
  -4265386052184.1509     
   108   0.5845103224666E+15    5     2 1  0 0  2
   584510322466637.00     
   109  -0.2064367556989E+17    5     1 2  0 0  2
  -20643675569886288.     
   110   0.4221627186837E+17    5     0 3  0 0  2
   42216271868369384.     
   111    1833951365015.        5     1 0  2 0  2
   1833951365014.6140     
   112  -0.1357700068667E+15    5     0 1  2 0  2
  -135770006866707.31     
   113  -0.4865526007640E+24    5     1 0  1 3  0
  -4.8655260076403098E+023
   114   0.3289521546566E+26    5     0 1  1 3  0
   3.2895215465660230E+025
   115  -0.5956835331942E+18    5     2 0  0 2  1
  -5.9568353319420032E+017
   116   0.2833369514223E+21    5     1 1  0 2  1
   2.8333695142228302E+020
   117  -0.1639553898257E+23    5     0 2  0 2  1
  -1.6395538982569224E+022
   118  -0.1898428205461E+20    5     0 0  2 2  1
  -1.8984282054610706E+019
   119   0.8619164321288E+15    5     1 0  1 1  2
   861916432128837.88     
   120  -0.6853608823087E+17    5     0 1  1 1  2
  -68536088230867840.     
   121    1124492930.081        5     2 0  0 0  3
   1124492930.0806558     
   122   -73319320086.38        5     1 1  0 0  3
  -73319320086.375275     
   123   -219075404588.6        5     0 2  0 0  3
  -219075404588.63196     
   124    165746900.7638        5     0 0  2 0  3
   165746900.76376164     
   125  -0.6028832796002E+26    5     1 0  0 4  0
  -6.0288327960021548E+025
   126   0.4075973463761E+28    5     0 1  0 4  0
   4.0759734637613958E+027
   127  -0.3820903768121E+22    5     0 0  1 3  1
  -3.8209037681211474E+021
   128   0.8129650296992E+16    5     1 0  0 2  2
   8129650296992278.0     
   129  -0.2698711464323E+19    5     0 1  0 2  2
  -2.6987114643226890E+018
   130    97057421170.44        5     0 0  1 1  3
   97057421170.440048     
   131    4940.897221885        5     1 0  0 0  4
   4940.8972218850304     
   132   -1092583.114030        5     0 1  0 0  4
  -1092583.1140299994     
   133  -0.1470828776761E+24    5     0 0  0 4  1
  -1.4708287767609409E+023
   134    3780889994992.        5     0 0  0 2  3
   3780889994992.1675     
   135   -1.374143637592        5     0 0  0 0  5
  -1.3741436375917517     
                                      

 etall    1, NO =    5, NV =    5, INA =   30
 *********************************************

     I   COEFFICIENT             ORDER   EXPONENTS
     1  -0.9343549141649        1     1 0  0 0  0
 -0.93435491416494743     
     2    63.32331722268        1     0 1  0 0  0
   63.323317222677517     
     3   0.3818800942625E-03    1     0 0  0 0  1
   3.8188009426254994E-004
     4   -5725.818945611        2     2 0  0 0  0
  -5725.8189456105583     
     5    773715.3529601        2     1 1  0 0  0
   773715.35296011041     
     6   -26137494.02912        2     0 2  0 0  0
  -26137494.029124588     
     7   -28.23302079529        2     0 0  2 0  0
  -28.233020795290493     
     8   -29675.73852536        2     0 0  1 1  0
  -29675.738525363093     
     9    16.82928735599        2     1 0  0 0  1
   16.829287355990900     
    10    134.2310263765        2     0 1  0 0  1
   134.23102637648233     
    11   -7762432.552532        2     0 0  0 2  0
  -7762432.5525320675     
    12   0.5949333138424E-03    2     0 0  0 0  2
   5.9493331384242315E-004
    13   -30085250.64665        3     3 0  0 0  0
  -30085250.646650001     
    14    6112960883.653        3     2 1  0 0  0
   6112960883.6532259     
    15   -414026300597.7        3     1 2  0 0  0
  -414026300597.66272     
    16    9347222371840.        3     0 3  0 0  0
   9347222371840.2793     
    17    6955.451283901        3     1 0  2 0  0
   6955.4512839007948     
    18   -551849.6653552        3     0 1  2 0  0
  -551849.66535523906     
    19    53563024.74453        3     1 0  1 1  0
   53563024.744527161     
    20   -3707041086.719        3     0 1  1 1  0
  -3707041086.7193737     
    21    59826.82590005        3     2 0  0 0  1
   59826.825900052376     
    22    7444180.610488        3     1 1  0 0  1
   7444180.6104882220     
    23   -776053728.7427        3     0 2  0 0  1
  -776053728.74267983     
    24   -13566.79608656        3     0 0  2 0  1
  -13566.796086559216     
    25    25426716879.89        3     1 0  0 2  0
   25426716879.892502     
    26   -1741545802020.        3     0 1  0 2  0
  -1741545802019.6997     
    27   -9876797.007553        3     0 0  1 1  1
  -9876797.0075531136     
    28   -8.705693576458        3     1 0  0 0  2
  -8.7056935764579411     
    29   -4911.921276576        3     0 1  0 0  2
  -4911.9212765763932     
    30   -1454696308.186        3     0 0  0 2  1
  -1454696308.1860111     
    31   0.6842569689898E-02    3     0 0  0 0  3
   6.8425696898981210E-003
    32   -915647908669.0        4     4 0  0 0  0
  -915647908669.02539     
    33   0.2478875406006E+15    4     3 1  0 0  0
   247887540600598.62     
    34  -0.2516588190798E+17    4     2 2  0 0  0
  -25165881907979348.     
    35   0.1135499870381E+19    4     1 3  0 0  0
   1.1354998703806170E+018
    36  -0.1921291620003E+20    4     0 4  0 0  0
  -1.9212916200027423E+019
    37   -92371810250.15        4     2 0  2 0  0
  -92371810250.153091     
    38   0.1248462844307E+14    4     1 1  2 0  0
   12484628443069.986     
    39  -0.4218434352948E+15    4     0 2  2 0  0
  -421843435294764.19     
    40   -2309714231.806        4     0 0  4 0  0
  -2309714231.8056784     
    41  -0.9547891022191E+14    4     2 0  1 1  0
  -95478910221913.547     
    42   0.1290472957238E+17    4     1 1  1 1  0
   12904729572380630.     
    43  -0.4360435620256E+18    4     0 2  1 1  0
  -4.3604356202558541E+017
    44   -4738571290719.        4     0 0  3 1  0
  -4738571290718.7627     
    45    5191537714.979        4     3 0  0 0  1
   5191537714.9791117     
    46   -931311773877.0        4     2 1  0 0  1
  -931311773877.02649     
    47   0.5470944847100E+14    4     1 2  0 0  1
   54709448470997.164     
    48  -0.1046233813884E+16    4     0 3  0 0  1
  -1046233813883654.4     
    49    460568730.8005        4     1 0  2 0  1
   460568730.80049640     
    50   -31207846880.25        4     0 1  2 0  1
  -31207846880.249115     
    51  -0.2468193874398E+17    4     2 0  0 2  0
  -24681938743977296.     
    52   0.3336000370184E+19    4     1 1  0 2  0
   3.3360003701838193E+018
    53  -0.1127229734216E+21    4     0 2  0 2  0
  -1.1272297342157654E+020
    54  -0.3645591830790E+16    4     0 0  2 2  0
  -3645591830789578.5     
    55    476077559219.4        4     1 0  1 1  1
   476077559219.43536     
    56  -0.3230961239517E+14    4     0 1  1 1  1
  -32309612395174.227     
    57    1254531.687071        4     2 0  0 0  2
   1254531.6870709802     
    58   -119892564.6767        4     1 1  0 0  2
  -119892564.67666578     
    59   -8154551514.703        4     0 2  0 0  2
  -8154551514.7026634     
    60   -2064298.533012        4     0 0  2 0  2
  -2064298.5330116819     
    61  -0.1246540493136E+19    4     0 0  1 3  0
  -1.2465404931359713E+018
    62   0.1197576919299E+15    4     1 0  0 2  1
   119757691929946.47     
    63  -0.8140869052396E+16    4     0 1  0 2  1
  -8140869052395850.0     
    64   -798715850.8830        4     0 0  1 1  2
  -798715850.88303363     
    65   -692.9931673716        4     1 0  0 0  3
  -692.99316737157483     
    66   -8226.485979238        4     0 1  0 0  3
  -8226.4859792383522     
    67  -0.1598366253044E+21    4     0 0  0 4  0
  -1.5983662530437461E+020
    68   -17005879194.36        4     0 0  0 2  2
  -17005879194.359575     
    69  -0.8453337773689E-02    4     0 0  0 0  4
  -8.4533377736892967E-003
    70  -0.3221318683245E+17    5     5 0  0 0  0
  -32213186832453116.     
    71   0.1089788337563E+20    5     4 1  0 0  0
   1.0897883375627299E+019
    72  -0.1474723505879E+22    5     3 2  0 0  0
  -1.4747235058793482E+021
    73   0.9978127392942E+23    5     2 3  0 0  0
   9.9781273929422037E+022
    74  -0.3375650546107E+25    5     1 4  0 0  0
  -3.3756505461065224E+024
    75   0.4567997949568E+26    5     0 5  0 0  0
   4.5679979495676086E+025
    76   0.9622732749321E+16    5     3 0  2 0  0
   9622732749321190.0     
    77  -0.1953366640831E+19    5     2 1  2 0  0
  -1.9533666408307873E+018
    78   0.1321745392008E+21    5     1 2  2 0  0
   1.3217453920082315E+020
    79  -0.2981196065825E+22    5     0 3  2 0  0
  -2.9811960658245153E+021
    80  -0.7127756847842E+14    5     1 0  4 0  0
  -71277568478417.125     
    81   0.4819326683569E+16    5     0 1  4 0  0
   4819326683568592.0     
    82   0.9984087135515E+19    5     3 0  1 1  0
   9.9840871355150561E+018
    83  -0.2026701462294E+22    5     2 1  1 1  0
  -2.0267014622941652E+021
    84   0.1371355010837E+24    5     1 2  1 1  0
   1.3713550108371016E+023
    85  -0.3093062626040E+25    5     0 3  1 1  0
  -3.0930626260404651E+024
    86  -0.1422066070533E+18    5     1 0  3 1  0
  -1.4220660705334587E+017
    87   0.9615023047600E+19    5     0 1  3 1  0
   9.6150230476004106E+018
    88   0.1150957741216E+15    5     4 0  0 0  1
   115095774121571.47     
    89  -0.2617331611849E+17    5     3 1  0 0  1
  -26173316118485020.     
    90   0.2150982746682E+19    5     2 2  0 0  1
   2.1509827466824476E+018
    91  -0.7421505248671E+20    5     1 3  0 0  1
  -7.4215052486712377E+019
    92   0.8693016226108E+21    5     0 4  0 0  1
   8.6930162261084996E+020
    93  -0.2698536080769E+14    5     2 0  2 0  1
  -26985360807691.684     
    94   0.3898158604923E+16    5     1 1  2 0  1
   3898158604922540.0     
    95  -0.1401932701110E+18    5     0 2  2 0  1
  -1.4019327011100416E+017
    96   -1430978012729.        5     0 0  4 0  1
  -1430978012728.8850     
    97   0.2589823564538E+22    5     3 0  0 2  0
   2.5898235645379278E+021
    98  -0.5257118296324E+24    5     2 1  0 2  0
  -5.2571182963241059E+023
    99   0.3557165097364E+26    5     1 2  0 2  0
   3.5571650973638460E+025
   100  -0.8023040718887E+27    5     0 3  0 2  0
  -8.0230407188871725E+026
   101  -0.1063121962904E+21    5     1 0  2 2  0
  -1.0631219629036855E+020
   102   0.7188041080206E+22    5     0 1  2 2  0
   7.1880410802058743E+021
   103  -0.1476933296669E+17    5     2 0  1 1  1
  -14769332966687602.     
   104   0.2255598755501E+19    5     1 1  1 1  1
   2.2555987555009720E+018
   105  -0.8498063031304E+20    5     0 2  1 1  1
  -8.4980630313036579E+019
   106  -0.2265520856293E+16    5     0 0  3 1  1
  -2265520856293422.5     
   107   -254223708698.8        5     3 0  0 0  2
  -254223708698.81439     
   108   0.3210333851970E+14    5     2 1  0 0  2
   32103338519698.402     
   109  -0.1019214905174E+16    5     1 2  0 0  2
  -1019214905173665.0     
   110   0.7495782491236E+15    5     0 3  0 0  2
   749578249123606.75     
   111    131778468202.5        5     1 0  2 0  2
   131778468202.46999     
   112   -9547713543537.        5     0 1  2 0  2
  -9547713543536.7285     
   113  -0.3529470976837E+23    5     1 0  1 3  0
  -3.5294709768367649E+022
   114   0.2386348165338E+25    5     0 1  1 3  0
   2.3863481653378854E+024
   115  -0.4220309639428E+18    5     2 0  0 2  1
  -4.2203096394280192E+017
   116   0.1241116967142E+21    5     1 1  0 2  1
   1.2411169671419172E+020
   117  -0.6460011444330E+22    5     0 2  0 2  1
  -6.4600114443299712E+021
   118  -0.1227313227375E+19    5     0 0  2 2  1
  -1.2273132273746196E+018
   119   0.6851804941469E+14    5     1 0  1 1  2
   68518049414686.383     
   120  -0.5286190196851E+16    5     0 1  1 1  2
  -5286190196851213.0     
   121    3665726.554714        5     2 0  0 0  3
   3665726.5547137856     
   122   -3127402987.530        5     1 1  0 0  3
  -3127402987.5303178     
   123    17264326170.92        5     0 2  0 0  3
   17264326170.920959     
   124   -85860272.73649        5     0 0  2 0  3
  -85860272.736491710     
   125  -0.4390277501558E+25    5     1 0  0 4  0
  -4.3902775015577138E+024
   126   0.2968333591193E+27    5     0 1  0 4  0
   2.9683335911929085E+026
   127  -0.2433392410291E+21    5     0 0  1 3  1
  -2.4333924102912531E+020
   128   0.6794224868982E+15    5     1 0  0 2  2
   679422486898177.00     
   129  -0.2093288932964E+18    5     0 1  0 2  2
  -2.0932889329643683E+017
   130    3649031337.819        5     0 0  1 1  3
   3649031337.8192863     
   131    2269.936408904        5     1 0  0 0  4
   2269.9364089037654     
   132   -2693.795200988        5     0 1  0 0  4
  -2693.7952009877745     
   133  -0.8593883121801E+22    5     0 0  0 4  1
  -8.5938831218007700E+021
   134    350423739891.1        5     0 0  0 2  3
   350423739891.13654     
   135  -0.2301137644947E-01    5     0 0  0 0  5
  -2.3011376449469323E-002
                                      

 etall    1, NO =    5, NV =    5, INA =   31
 *********************************************

     I   COEFFICIENT             ORDER   EXPONENTS
     1  -0.2590687307380E-02    1     0 0  1 0  0
  -2.5906873073804348E-003
     2   0.3616122600761E-02    1     0 0  0 1  0
   3.6161226007607183E-003
     3    5.263837701954        2     1 0  1 0  0
   5.2638377019538893     
     4   -439.2425250947        2     0 1  1 0  0
  -439.24252509465441     
     5    810.7910443372        2     1 0  0 1  0
   810.79104433720931     
     6   -98109.78593099        2     0 1  0 1  0
  -98109.785930991173     
     7   0.2840368380055E-01    2     0 0  1 0  1
   2.8403683800547697E-002
     8   -6.000592781973        2     0 0  0 1  1
  -6.0005927819729550     
     9    11392590.70540        3     2 0  1 0  0
   11392590.705399096     
    10   -1542911235.185        3     1 1  1 0  0
  -1542911235.1852646     
    11    52239503282.09        3     0 2  1 0  0
   52239503282.092285     
    12    45671.01709054        3     0 0  3 0  0
   45671.017090538051     
    13    5982031410.223        3     2 0  0 1  0
   5982031410.2234497     
    14   -810097254186.7        3     1 1  0 1  0
  -810097254186.71484     
    15   0.2742618194013E+14    3     0 2  0 1  0
   27426181940131.250     
    16    72355074.62751        3     0 0  2 1  0
   72355074.627509117     
    17    825.1640536413        3     1 0  1 0  1
   825.16405364125967     
    18   -90816.57720250        3     0 1  1 0  1
  -90816.577202498913     
    19    38164133048.98        3     0 0  1 2  0
   38164133048.975342     
    20   -380472.0411029        3     1 0  0 1  1
  -380472.04110288620     
    21    16459263.57877        3     0 1  0 1  1
   16459263.578765869     
    22   -3.220514173302        3     0 0  1 0  2
  -3.2205141733022629     
    23    6702291104262.        3     0 0  0 3  0
   6702291104261.5000     
    24   -500.7411018271        3     0 0  0 1  2
  -500.74110182711956     
    25   -132545911483.4        4     3 0  1 0  0
  -132545911483.41241     
    26   0.2673377088250E+14    4     2 1  1 0  0
   26733770882501.539     
    27  -0.1797280126224E+16    4     1 2  1 0  0
  -1797280126224328.5     
    28   0.4027474235061E+17    4     0 3  1 0  0
   40274742350612952.     
    29   -174646754559.5        4     1 0  3 0  0
  -174646754559.53500     
    30   0.1182300463842E+14    4     0 1  3 0  0
   11823004638415.109     
    31  -0.7407465028584E+14    4     3 0  0 1  0
  -74074650285838.469     
    32   0.1494818385284E+17    4     2 1  0 1  0
   14948183852835092.     
    33  -0.1005475826758E+19    4     1 2  0 1  0
  -1.0054758267578098E+018
    34   0.2254338108713E+20    4     0 3  0 1  0
   2.2543381087128797E+019
    35  -0.2689853852324E+15    4     1 0  2 1  0
  -268985385232380.44     
    36   0.1820942570342E+17    4     0 1  2 1  0
   18209425703421252.     
    37    8576163100.591        4     2 0  1 0  1
   8576163100.5905991     
    38   -1191780426367.        4     1 1  1 0  1
  -1191780426366.8125     
    39   0.4137697225391E+14    4     0 2  1 0  1
   41376972253914.125     
    40    269804981.6147        4     0 0  3 0  1
   269804981.61468136     
    41  -0.1380961558146E+18    4     1 0  1 2  0
  -1.3809615581464787E+017
    42   0.9348660176355E+19    4     0 1  1 2  0
   9.3486601763554038E+018
    43    3554067125391.        4     2 0  0 1  1
   3554067125390.5156     
    44  -0.4972521160200E+15    4     1 1  0 1  1
  -497252116020026.75     
    45   0.1737482687049E+17    4     0 2  0 1  1
   17374826870490808.     
    46    406369695743.2        4     0 0  2 1  1
   406369695743.19873     
    47    1267738.104566        4     1 0  1 0  2
   1267738.1045660973     
    48   -89468076.90627        4     0 1  1 0  2
  -89468076.906272888     
    49  -0.2363301263212E+20    4     1 0  0 3  0
  -2.3633012632120386E+019
    50   0.1599878807060E+22    4     0 1  0 3  0
   1.5998788070597476E+021
    51   0.2036223351361E+15    4     0 0  1 2  1
   203622335136135.81     
    52    732546394.7990        4     1 0  0 1  2
   732546394.79901123     
    53   -49273137779.05        4     0 1  0 1  2
  -49273137779.048584     
    54   -354.8062425828        4     0 0  1 0  3
  -354.80624258279568     
    55   0.3394068828779E+17    4     0 0  0 3  1
   33940688287786480.     
    56   -130053.7011656        4     0 0  0 1  3
  -130053.70116557681     
    57   0.6906396051187E+17    5     4 0  1 0  0
   69063960511873552.     
    58  -0.1869272280268E+20    5     3 1  1 0  0
  -1.8692722802679521E+019
    59   0.1897251515837E+22    5     2 2  1 0  0
   1.8972515158367884E+021
    60  -0.8558442196932E+23    5     1 3  1 0  0
  -8.5584421969316494E+022
    61   0.1447757394090E+25    5     0 4  1 0  0
   1.4477573940896916E+024
    62  -0.3936830266477E+16    5     2 0  3 0  0
  -3936830266477256.0     
    63   0.5325809046366E+18    5     1 1  3 0  0
   5.3258090463662195E+017
    64  -0.1801209907097E+20    5     0 2  3 0  0
  -1.8012099070969344E+019
    65  -0.4363951907200E+14    5     0 0  5 0  0
  -43639519071999.078     
    66   0.3561245105487E+20    5     4 0  0 1  0
   3.5612451054869832E+019
    67  -0.9638714116959E+22    5     3 1  0 1  0
  -9.6387141169591574E+021
    68   0.9782899496387E+24    5     2 2  0 1  0
   9.7828994963872937E+023
    69  -0.4412996236983E+26    5     1 3  0 1  0
  -4.4129962369829034E+025
    70   0.7465016654075E+27    5     0 4  0 1  0
   7.4650166540748422E+026
    71  -0.5817320400178E+19    5     2 0  2 1  0
  -5.8173204001775698E+018
    72   0.7869653002204E+21    5     1 1  2 1  0
   7.8696530022043432E+020
    73  -0.2661509454742E+23    5     0 2  2 1  0
  -2.6615094547418842E+022
    74  -0.1122652064823E+18    5     0 0  4 1  0
  -1.1226520648234986E+017
    75   0.3883710729025E+14    5     3 0  1 0  1
   38837107290253.719     
    76  -0.7366808819141E+16    5     2 1  1 0  1
  -7366808819140584.0     
    77   0.4639652669097E+18    5     1 2  1 0  1
   4.6396526690974515E+017
    78  -0.9696921673785E+19    5     0 3  1 0  1
  -9.6969216737848812E+018
    79  -0.7766614129368E+14    5     1 0  3 0  1
  -77666141293683.031     
    80   0.5496004941846E+16    5     0 1  3 0  1
   5496004941845954.0     
    81  -0.2860283798380E+22    5     2 0  1 2  0
  -2.8602837983795421E+021
    82   0.3869321891085E+24    5     1 1  1 2  0
   3.8693218910854389E+023
    83  -0.1308580425027E+26    5     0 2  1 2  0
  -1.3085804250273144E+025
    84  -0.1155204499788E+21    5     0 0  3 2  0
  -1.1552044997879674E+020
    85   0.2724294427247E+17    5     3 0  0 1  1
   27242944272470472.     
    86  -0.5227839743472E+19    5     2 1  0 1  1
  -5.2278397434720543E+018
    87   0.3335247529429E+21    5     1 2  0 1  1
   3.3352475294291591E+020
    88  -0.7072087199599E+22    5     0 3  0 1  1
  -7.0720871995985751E+021
    89  -0.8191759737412E+17    5     1 0  2 1  1
  -81917597374121536.     
    90   0.5912498211821E+19    5     0 1  2 1  1
   5.9124982118205153E+018
    91    766310857928.9        5     2 0  1 0  2
   766310857928.90527     
    92  -0.1274495967015E+15    5     1 1  1 0  2
  -127449596701469.22     
    93   0.5136620401620E+16    5     0 2  1 0  2
   5136620401620058.0     
    94    118762028645.1        5     0 0  3 0  2
   118762028645.09409     
    95  -0.4678813408379E+24    5     2 0  0 3  0
  -4.6788134083787905E+023
    96   0.6329274818084E+26    5     1 1  0 3  0
   6.3292748180842168E+025
    97  -0.2140484062691E+28    5     0 2  0 3  0
  -2.1404840626912187E+027
    98  -0.5943347179360E+23    5     0 0  2 3  0
  -5.9433471793603207E+022
    99  -0.2270030352818E+20    5     1 0  1 2  1
  -2.2700303528183259E+019
   100   0.1725114089591E+22    5     0 1  1 2  1
   1.7251140895914045E+021
   101  -0.9584291176516E+14    5     2 0  0 1  2
  -95842911765157.969     
   102   0.3083920863550E+16    5     1 1  0 1  2
   3083920863549732.0     
   103   0.2412350890918E+18    5     0 2  0 1  2
   2.4123508909179366E+017
   104   0.1258135312919E+15    5     0 0  2 1  2
   125813531291901.38     
   105    191345218.5214        5     1 0  1 0  3
   191345218.52144814     
   106   -14718593554.66        5     0 1  1 0  3
  -14718593554.655998     
   107  -0.1528839579570E+26    5     0 0  1 4  0
  -1.5288395795701998E+025
   108  -0.5723135312477E+21    5     1 0  0 3  1
  -5.7231353124766299E+020
   109   0.7097968006993E+23    5     0 1  0 3  1
   7.0979680069929476E+022
   110   0.3593310659240E+17    5     0 0  1 2  2
   35933106592396776.     
   111   -6560349921.260        5     1 0  0 1  3
  -6560349921.2603760     
   112   -548572926976.3        5     0 1  0 1  3
  -548572926976.29785     
   113   -37262.39825750        5     0 0  1 0  4
  -37262.398257503053     
   114  -0.1573045782869E+28    5     0 0  0 5  0
  -1.5730457828690238E+027
   115   0.1367711273302E+19    5     0 0  0 3  2
   1.3677112733023071E+018
   116   -1558709.162107        5     0 0  0 1  4
  -1558709.1621072097     
                                      

 etall    1, NO =    5, NV =    5, INA =   32
 *********************************************

     I   COEFFICIENT             ORDER   EXPONENTS
     1  -0.7494519281490        1     0 0  1 0  0
 -0.74945192814897366     
     2   -384.9518570241        1     0 0  0 1  0
  -384.95185702413249     
     3   -1760.074250920        2     1 0  1 0  0
  -1760.0742509199658     
     4    118744.9293170        2     0 1  1 0  0
   118744.92931704097     
     5   -545148.9796838        2     1 0  0 1  0
  -545148.97968382412     
     6    36719700.21279        2     0 1  0 1  0
   36719700.212793134     
     7   -117.2889963290        2     0 0  1 0  1
  -117.28899632898325     
     8   -5792.700347796        2     0 0  0 1  1
  -5792.7003477956814     
     9    74923009.44356        3     2 0  1 0  0
   74923009.443564221     
    10   -10139011975.53        3     1 1  1 0  0
  -10139011975.532318     
    11    343017319090.2        3     0 2  1 0  0
   343017319090.19489     
    12    332529.2410933        3     0 0  3 0  0
   332529.24109330628     
    13    37029776537.87        3     2 0  0 1  0
   37029776537.874481     
    14   -5011009494887.        3     1 1  0 1  0
  -5011009494887.3555     
    15   0.1695271870866E+15    3     0 2  0 1  0
   169527187086554.53     
    16    513982849.7689        3     0 0  2 1  0
   513982849.76887399     
    17   -548546.6890669        3     1 0  1 0  1
  -548546.68906690797     
    18    39449506.77777        3     0 1  1 0  1
   39449506.777767047     
    19    264724925419.5        3     0 0  1 2  0
   264724925419.53857     
    20   -217027744.1871        3     1 0  0 1  1
  -217027744.18710592     
    21    15418881010.26        3     0 1  0 1  1
   15418881010.256832     
    22    96.39324572087        3     0 0  1 0  2
   96.393245720871235     
    23   0.4543342094691E+14    3     0 0  0 3  0
   45433420946912.719     
    24   -1630.677797730        3     0 0  0 1  2
  -1630.6777977304075     
    25    30338229438.64        4     3 0  1 0  0
   30338229438.636581     
    26   -6177163367152.        4     2 1  1 0  0
  -6177163367152.3428     
    27   0.4192395305121E+15    4     1 2  1 0  0
   419239530512105.62     
    28  -0.9484395953556E+16    4     0 3  1 0  0
  -9484395953556136.0     
    29    39505041496.39        4     1 0  3 0  0
   39505041496.394485     
    30   -2671330018882.        4     0 1  3 0  0
  -2671330018881.7529     
    31  -0.1519764356446E+14    4     3 0  0 1  0
  -15197643564457.996     
    32   0.3073970108579E+16    4     2 1  0 1  0
   3073970108578740.0     
    33  -0.2072510327821E+18    4     1 2  0 1  0
  -2.0725103278206909E+017
    34   0.4657655994729E+19    4     0 3  0 1  0
   4.6576559947294413E+018
    35   0.6049468664562E+14    4     1 0  2 1  0
   60494686645618.500     
    36  -0.4090646760027E+16    4     0 1  2 1  0
  -4090646760027416.5     
    37    7745160482.213        4     2 0  1 0  1
   7745160482.2132826     
    38   -1252080076250.        4     1 1  1 0  1
  -1252080076250.2478     
    39   0.4925993577256E+14    4     0 2  1 0  1
   49259935772563.297     
    40    193479073.8007        4     0 0  3 0  1
   193479073.80068159     
    41   0.3087600274050E+17    4     1 0  1 2  0
   30876002740501600.     
    42  -0.2087831901166E+19    4     0 1  1 2  0
  -2.0878319011660060E+018
    43   -972188824524.4        4     2 0  0 1  1
  -972188824524.42725     
    44   0.3074875131911E+14    4     1 1  0 1  1
   30748751319113.410     
    45   0.2370287173566E+16    4     0 2  0 1  1
   2370287173566437.5     
    46    225763068599.2        4     0 0  2 1  1
   225763068599.22610     
    47   -55459024.00074        4     1 0  1 0  2
  -55459024.000741586     
    48    4529447028.736        4     0 1  1 0  2
   4529447028.7361355     
    49   0.5252504917248E+19    4     1 0  0 3  0
   5.2525049172480481E+018
    50  -0.3551735568145E+21    4     0 1  0 3  0
  -3.5517355681447772E+020
    51   0.7857495449780E+14    4     0 0  1 2  1
   78574954497802.156     
    52    1203229935.998        4     1 0  0 1  2
   1203229935.9976163     
    53    223604718132.2        4     0 1  0 1  2
   223604718132.19604     
    54   -3934.764949556        4     0 0  1 0  3
  -3934.7649495564547     
    55   0.7021956013605E+16    4     0 0  0 3  1
   7021956013605400.0     
    56   -160302.9691073        4     0 0  0 1  3
  -160302.96910732711     
    57   0.1391020627306E+17    5     4 0  1 0  0
   13910206273056336.     
    58  -0.3764753442964E+19    5     3 1  1 0  0
  -3.7647534429641789E+018
    59   0.3820944605824E+21    5     2 2  1 0  0
   3.8209446058242559E+020
    60  -0.1723544066077E+23    5     1 3  1 0  0
  -1.7235440660771972E+022
    61   0.2915447833958E+24    5     0 4  1 0  0
   2.9154478339584007E+023
    62  -0.3025496320094E+15    5     2 0  3 0  0
  -302549632009368.06     
    63   0.4101106457200E+17    5     1 1  3 0  0
   41011064571997088.     
    64  -0.1389772059425E+19    5     0 2  3 0  0
  -1.3897720594254748E+018
    65  -0.1038667514151E+14    5     0 0  5 0  0
  -10386675141512.900     
    66   0.7302709088069E+19    5     4 0  0 1  0
   7.3027090880688026E+018
    67  -0.1976435614336E+22    5     3 1  0 1  0
  -1.9764356143363774E+021
    68   0.2005915237601E+24    5     2 2  0 1  0
   2.0059152376007163E+023
    69  -0.9048152958012E+25    5     1 3  0 1  0
  -9.0481529580115227E+024
    70   0.1530518296278E+27    5     0 4  0 1  0
   1.5305182962784955E+026
    71  -0.5214654971528E+18    5     2 0  2 1  0
  -5.2146549715276096E+017
    72   0.7066889727651E+20    5     1 1  2 1  0
   7.0668897276505924E+019
    73  -0.2394250406969E+22    5     0 2  2 1  0
  -2.3942504069689298E+021
    74  -0.2668633706565E+17    5     0 0  4 1  0
  -26686337065649156.     
    75  -0.1913216529303E+14    5     3 0  1 0  1
  -19132165293029.562     
    76   0.3753173871069E+16    5     2 1  1 0  1
   3753173871068855.5     
    77  -0.2450735879942E+18    5     1 2  1 0  1
  -2.4507358799424611E+017
    78   0.5326095226046E+19    5     0 3  1 0  1
   5.3260952260462295E+018
    79   0.2333249937168E+14    5     1 0  3 0  1
   23332499371678.055     
    80  -0.1631463468804E+16    5     0 1  3 0  1
  -1631463468804180.2     
    81  -0.2960880553216E+21    5     2 0  1 2  0
  -2.9608805532162025E+020
    82   0.4011823213547E+23    5     1 1  1 2  0
   4.0118232135472253E+022
    83  -0.1358943789204E+25    5     0 2  1 2  0
  -1.3589437892038401E+024
    84  -0.2742577638318E+20    5     0 0  3 2  0
  -2.7425776383180767E+019
    85  -0.6541585542904E+16    5     3 0  0 1  1
  -6541585542904203.0     
    86   0.1388060340408E+19    5     2 1  0 1  1
   1.3880603404083092E+018
    87  -0.9796314865880E+20    5     1 2  0 1  1
  -9.7963148658801869E+019
    88   0.2300003871223E+22    5     0 3  0 1  1
   2.3000038712229741E+021
    89   0.2725514648712E+17    5     1 0  2 1  1
   27255146487124644.     
    90  -0.1925255373148E+19    5     0 1  2 1  1
  -1.9252553731477161E+018
    91   -437398291653.9        5     2 0  1 0  2
  -437398291653.87329     
    92   0.3531087948906E+14    5     1 1  1 0  2
   35310879489063.172     
    93  -0.2479030072547E+15    5     0 2  1 0  2
  -247903007254716.78     
    94    42152313533.56        5     0 0  3 0  2
   42152313533.555077     
    95  -0.5550525379379E+23    5     2 0  0 3  0
  -5.5505253793786975E+022
    96   0.7519478300577E+25    5     1 1  0 3  0
   7.5194783005768812E+024
    97  -0.2546715010765E+27    5     0 2  0 3  0
  -2.5467150107651746E+026
    98  -0.1409277412038E+23    5     0 0  2 3  0
  -1.4092774120381556E+022
    99   0.9586951656823E+19    5     1 0  1 2  1
   9.5869516568227942E+018
   100  -0.6902562660971E+21    5     0 1  1 2  1
  -6.9025626609708630E+020
   101  -0.1674467828836E+14    5     2 0  0 1  2
  -16744678288359.061     
   102   0.3532571962274E+16    5     1 1  0 1  2
   3532571962274117.0     
   103  -0.9374795721858E+17    5     0 2  0 1  2
  -93747957218575760.     
   104   0.3418694894012E+14    5     0 0  2 1  2
   34186948940117.305     
   105    1346402896.800        5     1 0  1 0  3
   1346402896.8003373     
   106   -5093336145.464        5     0 1  1 0  3
  -5093336145.4641113     
   107  -0.3620776241760E+25    5     0 0  1 4  0
  -3.6207762417604859E+024
   108   0.8955460770126E+21    5     1 0  0 3  1
   8.9554607701259085E+020
   109  -0.6769958359612E+23    5     0 1  0 3  1
  -6.7699583596117453E+022
   110   0.7040736766693E+16    5     0 0  1 2  2
   7040736766692969.0     
   111    47715407730.58        5     1 0  0 1  3
   47715407730.583740     
   112   -697591740395.8        5     0 1  0 1  3
  -697591740395.84570     
   113    19211.72065516        5     0 0  1 0  4
   19211.720655159599     
   114  -0.3721041753366E+27    5     0 0  0 5  0
  -3.7210417533656010E+026
   115   0.3152754087386E+18    5     0 0  0 3  2
   3.1527540873859866E+017
   116    1063840.374436        5     0 0  0 1  4
   1063840.3744357137     
                                      

 etall    1, NO =    5, NV =    5, INA =   33
 *********************************************

     I   COEFFICIENT             ORDER   EXPONENTS
     1    1.000000000000        1     0 0  0 0  1
   1.0000000000000000     
                                      

 etall    1, NO =    5, NV =    5, INA =   45
 *********************************************

     I   COEFFICIENT             ORDER   EXPONENTS
     1   0.2049484525963E-05    1     1 0  0 0  0
   2.0494845259633112E-006
     2   0.2697160590901E-03    1     0 1  0 0  0
   2.6971605909008561E-004
     3   0.4222340553913E-06    1     0 0  0 0  1
   4.2223405539128802E-007
     4  -0.3718816951451        2     2 0  0 0  0
 -0.37188169514510250     
     5    63.41213960658        2     1 1  0 0  0
   63.412139606575465     
     6   -1907.847264307        2     0 2  0 0  0
  -1907.8472643069199     
     7   0.1641539442117        2     0 0  2 0  0
  0.16415394421172902     
     8    11.17518129161        2     0 0  1 1  0
   11.175181291614081     
     9   0.4176203571169E-03    2     1 0  0 0  1
   4.1762035711685264E-004
    10  -0.2246559548945E-01    2     0 1  0 0  1
  -2.2465595489450568E-002
    11   -1142.986901360        2     0 0  0 2  0
  -1142.9869013604475     
    12   0.1242485303295E-04    2     0 0  0 0  2
   1.2424853032949929E-005
    13   -19254.02222560        3     3 0  0 0  0
  -19254.022225598797     
    14    3777912.793110        3     2 1  0 0  0
   3777912.7931098267     
    15   -246802920.6582        3     1 2  0 0  0
  -246802920.65817499     
    16    5367593571.805        3     0 3  0 0  0
   5367593571.8045216     
    17    4177.234878586        3     1 0  2 0  0
   4177.2348785860004     
    18   -287865.4166444        3     0 1  2 0  0
  -287865.41664442141     
    19    3822467.662759        3     1 0  1 1  0
   3822467.6627591145     
    20   -264011169.6791        3     0 1  1 1  0
  -264011169.67908007     
    21    68.51016511461        3     2 0  0 0  1
   68.510165114607119     
    22   -8108.055601808        3     1 1  0 0  1
  -8108.0556018075622     
    23    235734.4002118        3     0 2  0 0  1
   235734.40021175152     
    24   -2.118259483107        3     0 0  2 0  1
  -2.1182594831066126     
    25    858995602.6918        3     1 0  0 2  0
   858995602.69180548     
    26   -59503517273.02        3     0 1  0 2  0
  -59503517273.019577     
    27   -1449.014576605        3     0 0  1 1  1
  -1449.0145766048227     
    28   0.1865682250654E-01    3     1 0  0 0  2
   1.8656822506539054E-002
    29   -1.698813307144        3     0 1  0 0  2
  -1.6988133071441449     
    30   -214469.5984297        3     0 0  0 2  1
  -214469.59842972271     
    31  -0.1110535582085E-04    3     0 0  0 0  3
  -1.1105355820848954E-005
    32    11728639656.27        4     4 0  0 0  0
   11728639656.270134     
    33   -3175280538016.        4     3 1  0 0  0
  -3175280538015.8027     
    34   0.3223649880805E+15    4     2 2  0 0  0
   322364988080531.88     
    35  -0.1454558372879E+17    4     1 3  0 0  0
  -14545583728789588.     
    36   0.2461193444661E+18    4     0 4  0 0  0
   2.4611934446608954E+017
    37    2583588623.330        4     2 0  2 0  0
   2583588623.3301768     
    38   -349694177439.2        4     1 1  2 0  0
  -349694177439.17511     
    39   0.1183295633989E+14    4     0 2  2 0  0
   11832956339891.086     
    40    33038506.08450        4     0 0  4 0  0
   33038506.084500566     
    41    2649368240052.        4     2 0  1 1  0
   2649368240051.8833     
    42  -0.3585928929877E+15    4     1 1  1 1  0
  -358592892987741.88     
    43   0.1213391255299E+17    4     0 2  1 1  0
   12133912552989240.     
    44    67963793344.36        4     0 0  3 1  0
   67963793344.362968     
    45    9084109.888774        4     3 0  0 0  1
   9084109.8887737356     
    46   -1761985210.794        4     2 1  0 0  1
  -1761985210.7938647     
    47    114028091547.7        4     1 2  0 0  1
   114028091547.68802     
    48   -2462690749406.        4     0 3  0 0  1
  -2462690749405.6470     
    49    4335353.086053        4     1 0  2 0  1
   4335353.0860530939     
    50   -300719779.2801        4     0 1  2 0  1
  -300719779.28011525     
    51   0.6794259050336E+15    4     2 0  0 2  0
   679425905033624.62     
    52  -0.9195930565566E+17    4     1 1  0 2  0
  -91959305655663232.     
    53   0.3111638263219E+19    4     0 2  0 2  0
   3.1116382632187034E+018
    54   0.5242684737369E+14    4     0 0  2 2  0
   52426847373686.805     
    55    3859463189.949        4     1 0  1 1  1
   3859463189.9491401     
    56   -267325580929.1        4     0 1  1 1  1
  -267325580929.08469     
    57   -12042.75922483        4     2 0  0 0  2
  -12042.759224827847     
    58    1460034.429207        4     1 1  0 0  2
   1460034.4292068374     
    59   -44398771.40972        4     0 2  0 0  2
  -44398771.409722246     
    60   -311.0333425958        4     0 0  2 0  2
  -311.03334259575786     
    61   0.1797360105328E+17    4     0 0  1 3  0
   17973601053283210.     
    62    873528433755.3        4     1 0  0 2  1
   873528433755.25244     
    63  -0.6033141129425E+14    4     0 1  0 2  1
  -60331411294250.086     
    64   -175959.5975989        4     0 0  1 1  2
  -175959.59759894712     
    65    1.007179158383        4     1 0  0 0  3
   1.0071791583825986     
    66   -99.35092496697        4     0 1  0 0  3
  -99.350924966974418     
    67   0.2310657377839E+19    4     0 0  0 4  0
   2.3106573778388280E+018
    68   -18653347.37276        4     0 0  0 2  2
  -18653347.372761562     
    69   0.3092919267705E-03    4     0 0  0 0  4
   3.0929192677053120E-004
    70   0.1915989894684E+15    5     5 0  0 0  0
   191598989468397.56     
    71  -0.6484285376093E+17    5     4 1  0 0  0
  -64842853760925320.     
    72   0.8777908286627E+19    5     3 2  0 0  0
   8.7779082866272922E+018
    73  -0.5941416305255E+21    5     2 3  0 0  0
  -5.9414163052546792E+020
    74   0.2010754060864E+23    5     1 4  0 0  0
   2.0107540608637286E+022
    75  -0.2721998854253E+24    5     0 5  0 0  0
  -2.7219988542532801E+023
    76   0.6738104273479E+14    5     3 0  2 0  0
   67381042734785.219     
    77  -0.1367604408657E+17    5     2 1  2 0  0
  -13676044086568034.     
    78   0.9252560787274E+18    5     1 2  2 0  0
   9.2525607872742976E+017
    79  -0.2086613880799E+20    5     0 3  2 0  0
  -2.0866138807989354E+019
    80   -14849823206.87        5     1 0  4 0  0
  -14849823206.870270     
    81    1088598197177.        5     0 1  4 0  0
   1088598197177.2090     
    82   0.6673698443593E+17    5     3 0  1 1  0
   66736984435931936.     
    83  -0.1354531797020E+20    5     2 1  1 1  0
  -1.3545317970204264E+019
    84   0.9164114789090E+21    5     1 2  1 1  0
   9.1641147890895828E+020
    85  -0.2066667106857E+23    5     0 3  1 1  0
  -2.0666671068572518E+022
    86  -0.8636741346065E+14    5     1 0  3 1  0
  -86367413460645.250     
    87   0.6014330691816E+16    5     0 1  3 1  0
   6014330691816384.0     
    88   -937041818257.9        5     4 0  0 0  1
  -937041818257.91309     
    89   0.1898879272972E+15    5     3 1  0 0  1
   189887927297234.09     
    90  -0.1280123861672E+17    5     2 2  0 0  1
  -12801238616719538.     
    91   0.2853673269106E+18    5     1 3  0 0  1
   2.8536732691061840E+017
    92   0.1163497394263E+18    5     0 4  0 0  1
   1.1634973942625210E+017
    93    692663293919.1        5     2 0  2 0  1
   692663293919.12158     
    94  -0.1007753926665E+15    5     1 1  2 0  1
  -100775392666519.86     
    95   0.3647647997815E+16    5     0 2  2 0  1
   3647647997814783.0     
    96    20236329620.20        5     0 0  4 0  1
   20236329620.195473     
    97   0.1650130042001E+20    5     3 0  0 2  0
   1.6501300420010652E+019
    98  -0.3349197758813E+22    5     2 1  0 2  0
  -3.3491977588133860E+021
    99   0.2265907117962E+24    5     1 2  0 2  0
   2.2659071179623249E+023
   100  -0.5110014193090E+25    5     0 3  0 2  0
  -5.1100141930900164E+024
   101  -0.1097292098068E+18    5     1 0  2 2  0
  -1.0972920980676950E+017
   102   0.7554581105821E+19    5     0 1  2 2  0
   7.5545811058214564E+018
   103   0.3335475169234E+15    5     2 0  1 1  1
   333547516923374.19     
   104  -0.5234729251552E+17    5     1 1  1 1  1
  -52347292515516368.     
   105   0.2014987186654E+19    5     0 2  1 1  1
   2.0149871866539914E+018
   106   0.3200879399043E+14    5     0 0  3 1  1
   32008793990432.395     
   107   -508897131.7303        5     3 0  0 0  2
  -508897131.73027182     
   108    67276953920.78        5     2 1  0 0  2
   67276953920.780243     
   109   -2226031326128.        5     1 2  0 0  2
  -2226031326128.1182     
   110    12602857542.83        5     0 3  0 0  2
   12602857542.831055     
   111    1002560094.505        5     1 0  2 0  2
   1002560094.5054085     
   112   -73954738410.50        5     0 1  2 0  2
  -73954738410.496063     
   113  -0.5241267332623E+20    5     1 0  1 3  0
  -5.2412673326233715E+019
   114   0.3590440091602E+22    5     0 1  1 3  0
   3.5904400916023209E+021
   115  -0.1115906320472E+17    5     2 0  0 2  1
  -11159063204718616.     
   116  -0.3366600641737E+18    5     1 1  0 2  1
  -3.3666006417371341E+017
   117   0.7388951911421E+20    5     0 2  0 2  1
   7.3889519114212901E+019
   118   0.1727141392857E+17    5     0 0  2 2  1
   17271413928569296.     
   119    495918590968.7        5     1 0  1 1  2
   495918590968.65149     
   120  -0.3889708098846E+14    5     0 1  1 1  2
  -38897080988462.797     
   121    414718.3299911        5     2 0  0 0  3
   414718.32999109465     
   122   -25683260.79049        5     1 1  0 0  3
  -25683260.790485080     
   123   -55720438.40878        5     0 2  0 0  3
  -55720438.408778943     
   124   -31556.30092975        5     0 0  2 0  3
  -31556.300929753037     
   125  -0.8642000320958E+22    5     1 0  0 4  0
  -8.6420003209583358E+021
   126   0.5903390946094E+24    5     0 1  0 4  0
   5.9033909460941091E+023
   127   0.3377551848594E+19    5     0 0  1 3  1
   3.3775518485944863E+018
   128    5757616205729.        5     1 0  0 2  2
   5757616205728.7598     
   129  -0.1594125039196E+16    5     0 1  0 2  2
  -1594125039196217.8     
   130   -9797309.007255        5     0 0  1 1  3
  -9797309.0072552748     
   131   -22.65566528482        5     1 0  0 0  4
  -22.655665284822479     
   132   -263.9586239830        5     0 1  0 0  4
  -263.95862398303535     
   133   0.1072267300283E+21    5     0 0  0 4  1
   1.0722673002827044E+020
   134   -301345879.4297        5     0 0  0 2  3
  -301345879.42967695     
   135  -0.1404997859626E-02    5     0 0  0 0  5
  -1.4049978596264077E-003
                                      
